NZ_CP038996.1
39032 51180
121302 121565
126151 131939
155774 157464
181659 182104
206383 208278
219224 224008
243837 246945
247222 254132
254329 260057
260288 264612
264953 265673
266245 266298
270537 302841
303595 311661
314220 329078
336628 337694
392526 393500
416965 418031
419372 424622
428601 430381
431845 432218
443400 443472
443700 443814
447094 449783
463045 464376
476422 476545
479941 481306
534274 539744
542153 543206
549591 550913
585153 586674
637876 638072
664538 665491
724320 725841
773297 774000
774861 783150
783294 783423
784778 804088
804294 805453
829690 830644
832894 838165
838947 839172
840514 848453
910421 911950
934389 934802
955194 956153
958667 960348
966222 968022
969063 969203
973187 973577
976525 979756
983049 983431
984288 987874
997852 998218
1104363 1106253
1107249 1107709
1108963 1110474
1117622 1119143
1160950 1162501
1213406 1214425
1240406 1240989
1254913 1255870
1357272 1358782
1416701 1418591
1432540 1434061
1456445 1458129
1465894 1467363
1467940 1468224
1499673 1500311
1505387 1506722
1531276 1532824
1568409 1568653
1569135 1569509
1589917 1593295
1594340 1595709
1603943 1605009
1662504 1664025
1677069 1680101
1685820 1686887
1704873 1706346
1722135 1722193
1724970 1725543
1727745 1729432
1730790 1732026
1732108 1735909
1743598 1745119
1750889 1751077
1763707 1765228
1775536 1776603
1782640 1789958
1791530 1792197
1821987 1823326
1866650 1868162
1888583 1889987
1943771 1944836
1946266 1946855
1953411 1953472
1963279 1964800
1978752 1979670
1991589 1993592
1993680 1995968
1997120 1997889
1998056 1998247
2001086 2001935
2017238 2031858
2053900 2059581
2062691 2064473
2075918 2077439
2095703 2096768
2115385 2117275
2163056 2163550
2177840 2177892
2212375 2213895
2226787 2305572
2305662 2307362
2307568 2316942
2317585 2331382
2382928 2383023
2435182 2441722
2463758 2465279
2491788 2493471
2503667 2504881
2531934 2533454
2534904 2541613
2601160 2601323
2618645 2618886
2637229 2641510
2647219 2647545
2649172 2655826
2687498 2689280
2772796 2778190
NZ_CP038997.1
1 20073
21117 74253
74343 74575
75798 102143
102955 123020
