NZ_CP038996.1
39032 51180
126151 128478
129795 131939
155774 157464
206383 208278
219224 222399
223821 224008
234318 235791
243837 246945
247222 253635
254004 264612
270537 302060
303596 311661
314220 314348
416965 418031
447094 449783
463045 464376
534274 539744
542153 543206
549582 550913
585153 586674
724328 725849
773297 773990
774861 783150
783294 783423
796355 803300
803803 807678
832894 838165
840514 846968
848294 848453
976525 977821
978634 979890
983049 983431
983857 987064
1117622 1119143
1160950 1162501
1357272 1358782
1416701 1418591
1504832 1506722
1531276 1532824
1568409 1568653
1569135 1569509
1589917 1593295
1594340 1595709
1685820 1686575
1732020 1734572
1743598 1745119
1763707 1765228
1775536 1776603
1782640 1789958
1791530 1792197
1806798 1808580
1821987 1823326
1866650 1868162
1943771 1944836
1946266 1946855
1953411 1953472
1963279 1964800
1991589 1993592
2001086 2001935
2005660 2031858
2075918 2077439
2095703 2096768
2115385 2117275
2212375 2213749
2226787 2305572
2305662 2307362
2307568 2308642
2309234 2316942
2317585 2329702
2381513 2383023
2440662 2441729
2491788 2493471
2503598 2504713
2531934 2533454
2618659 2618900
2637229 2641510
2647219 2647545
2649172 2655826
NZ_CP038997.1
1 73298
74342 92719
94049 97230
99129 102144
102954 123020
