NZ_CP038996.1
39032 51180
121302 121565
126151 131939
155883 157464
181659 182104
206383 208278
219224 224008
234318 235791
243837 246945
247222 254132
254329 260057
260288 264612
264953 266298
270537 302841
303595 311661
314220 314348
330600 331019
336628 336969
337546 337694
367433 367715
391989 393510
416965 418031
419372 426140
428599 430381
443400 443472
443700 443814
447094 449783
463045 464376
476422 476545
479941 481306
534274 539744
542153 543206
546885 548316
549582 550913
585153 586674
637876 638072
664538 665153
724328 724822
773297 774000
774861 783150
783294 783423
796355 804840
805390 805453
829690 830644
832894 838165
838947 839172
840514 848453
910421 911950
929176 935233
955194 956153
958667 960348
966222 968022
969063 969203
976525 977821
977956 978629
978715 979890
983049 983431
984288 987874
997151 998218
1104363 1106253
1107765 1108422
1108963 1110474
1117622 1119143
1213406 1214425
1240406 1240989
1254913 1255870
1357272 1358782
1416701 1418591
1432540 1434061
1456445 1458129
1465842 1466878
1467126 1468224
1505387 1506722
1531276 1532824
1568409 1568653
1569135 1569509
1589917 1593295
1594340 1595709
1603943 1605009
1662504 1664025
1677069 1678686
1685820 1686887
1721456 1722193
1724970 1725543
1730681 1732026
1732108 1735909
1743598 1745119
1750889 1751077
1763707 1765228
1775536 1776603
1782640 1789958
1791530 1792197
1806798 1808580
1821987 1823326
1866650 1868162
1888583 1889987
1943771 1944836
1946266 1946855
1953411 1953472
1963279 1964800
1978752 1979670
1991589 1993592
1993680 1996518
1997270 1997454
2001086 2001935
2005660 2031858
2053900 2059581
2062691 2064473
2075918 2077439
2095703 2096768
2115385 2117275
2163056 2164577
2212375 2213895
2226787 2305572
2305662 2307362
2307568 2308642
2308833 2316942
2317585 2331382
2381513 2383023
2435222 2440664
2441359 2441722
2463749 2465270
2491788 2493471
2503667 2504881
2532480 2533454
2534904 2535818
2539215 2541613
2601160 2601323
2618645 2618886
2637229 2641510
2647219 2647545
2649172 2655826
2687498 2689280
2772884 2776386
NZ_CP038997.1
1 20073
21117 74253
74343 74575
75798 123020
